0000000000000100
1111101110100001
1111101111000001
1111101111100001
1111110000000001
1111110000100001
1111110001000001
0000000111100101
1111110001100011
1111110010000011
1111110010100001
0000011100001001
0000000000000101
1111101110100000
0000000000000110
1111101110100001
0000000000001000
0000001001101100
0000001110001001
1111101111000000
0000000000000110
1111101111000001
0000000000001000
0000001100101100
0000001110001001
1111101111100000
0000000000000110
1111101111100001
1111110000000000
0000000000000110
1111110000000001
0000000000001000
0000010001001100
0000000000010001
1111110000100000
0000000000000110
1111110000100001
0000000000010001
1111110001100000
1111110000000010
0000000000001000
0000010101101100
0000000000010001
1111110010000000
1111110000100010
0000000000001000
0000011000001100
0000000000010001
1111110010100000
0000000000000110
1111111110100001
1111110010100001
0000000000000100
1111110000000001
1111110000100001
0000000000010001
0000000000100100
0000000000000101
1111110001100001
1111110010000011
1111110011000011
1111101111100000
0000000000100101
0000000000001000
0000100010001100
0000000110010000
0000010011010000
0000011110101001
0000011010010000
1111110011000000
0000000000000110
1111110011000001
1111110001100001
0000000000000100
1111101111100001
0000011110101001

